tstamp,raw_x,raw_y,smoothed_x,smoothed_y,fix
318126254,0.7,0.329114,0.743443,0.363291,1
318126282,0.704918,0.344304,0.737705,0.360759,1
318126316,0.713934,0.375949,0.734426,0.362025,1
318126349,0.688525,0.360759,0.729508,0.362025,1
318126382,0.713934,0.326582,0.727049,0.358228,1
318126416,0.735246,0.351899,0.727869,0.356962,1
318126449,0.709016,0.336709,0.72541,0.355696,1
318126482,0.716393,0.336709,0.72459,0.353165,1
318126516,0.712295,0.341772,0.722951,0.351899,1
318126549,0.695082,0.332911,0.720492,0.350633,1
318126582,0.738525,0.382278,0.721311,0.353165,1
318126615,0.70082,0.334177,0.719672,0.350633,1
318126649,0.713934,0.359494,0.718852,0.351899,1
318126682,0.727869,0.316456,0.719672,0.349367,1
318126715,0.701639,0.343038,0.718033,0.348101,1
318126751,0.718033,0.335443,0.718033,0.346835,1
318126782,0.705738,0.31519,0.716393,0.34557,1
318126816,0.687705,0.273418,0.714754,0.340506,1
318126850,0.72541,0.308861,0.714754,0.337975,1
318126882,0.697541,0.320253,0.713934,0.336709,1
318126915,0.695902,0.324051,0.712295,0.335443,1
318126950,0.695082,0.360759,0.711475,0.336709,1
318126982,0.695902,0.312658,0.709836,0.334177,1
318127015,0.713115,0.293671,0.709836,0.331646,1
318127049,0.706557,0.324051,0.709016,0.33038,1
318127082,0.70082,0.316456,0.708197,0.329114,1
318127115,0.677049,0.364557,0.705738,0.33038,1
318127149,0.687705,0.329114,0.704098,0.329114,1
318127349,2.18607,0.567089,3.00656,1.13038,0
318127581,-1.40492,0.583544,1.0582,0.872152,0
318127615,-1.28033,0.637975,-1.28033,0.637975,0
318127650,0.24918,0.344304,0.24918,0.344304,0
318127681,0.257377,0.460759,0.253279,0.402532,0
318127715,0.258197,0.416456,0.254918,0.407595,0
318127749,0.259836,0.491139,0.255738,0.429114,0
318127781,0.268033,0.491139,0.258197,0.441772,0
318127814,0.25082,0.46962,0.25082,0.46962,0
318127849,0.248361,0.497468,0.248361,0.497468,0
318127881,0.246721,0.477215,0.247541,0.487342,0
318127914,0.254918,0.456962,0.25,0.477215,0
318127949,0.240984,0.472152,0.247541,0.475949,0
318127981,0.228689,0.535443,0.243443,0.487342,0
318128014,0.266393,0.496203,0.247541,0.488608,1
318128048,0.212295,0.520253,0.242623,0.493671,1
318128081,0.22541,0.536709,0.240164,0.5,1
318128114,0.231967,0.497468,0.239344,0.5,1
318128148,0.222951,0.482278,0.237705,0.497468,1
318128181,0.232787,0.48481,0.236885,0.496203,1
318128214,0.236885,0.512658,0.236885,0.498734,1
318128248,0.246721,0.503797,0.237705,0.498734,1
318128281,0.236885,0.516456,0.237705,0.5,1
