tstamp,raw_x,raw_y,smoothed_x,smoothed_y,fix
315318884,0.420492,0.331646,0.42623,0.341772,1
315318924,0.392623,0.292405,0.42377,0.336709,1
315318951,0.340164,0.297468,0.417213,0.332911,1
315318984,0.401639,0.313924,0.416393,0.33038,1
315319020,0.413115,0.286076,0.415574,0.326582,1
315319051,0.404918,0.307595,0.414754,0.324051,1
315319084,0.407377,0.298734,0.413934,0.321519,1
315319118,0.396721,0.316456,0.413115,0.320253,1
315319150,0.395902,0.294937,0.411475,0.317722,1
315319184,0.366393,0.356962,0.408197,0.320253,1
315319218,0.335246,0.296203,0.403279,0.317722,1
315319250,0.377049,0.317722,0.401639,0.317722,1
315319284,0.282787,0.277215,0.393443,0.313924,1
315319318,0.354918,0.307595,0.390164,0.312658,1
315319350,0.356557,0.317722,0.387705,0.312658,1
315319383,0.381967,0.3,0.386066,0.311392,1
315319450,0.363115,0.298734,0.381148,0.311392,1
315319483,0.311475,0.335443,0.376229,0.311392,1
315319517,0.334426,0.270886,0.334426,0.270886,0
315319550,0.416393,0.302532,0.416393,0.302532,0
315319583,0.404918,0.298734,0.410656,0.3,0
315319617,0.413934,0.302532,0.411475,0.301266,0
315319650,0.420492,0.293671,0.413934,0.3,0
315319683,0.397541,0.332911,0.410656,0.306329,0
315319717,0.392623,0.307595,0.407377,0.306329,1
315319750,0.360656,0.358228,0.40082,0.313924,1
315319784,0.383607,0.320253,0.398361,0.31519,1
315319818,0.332787,0.28481,0.390164,0.311392,1
315319850,0.396721,0.322785,0.390984,0.312658,1
315319883,0.420492,0.321519,0.393443,0.313924,1
315319920,0.438525,0.318987,0.397541,0.313924,1
315319950,0.548361,0.393671,0.548361,0.393671,0
315319983,0.297541,0.459494,0.297541,0.459494,0
315320016,0.585246,0.378481,0.441803,0.418987,0
315320049,0.479508,0.396203,0.454918,0.411392,0
315320083,0.552459,0.394937,0.479508,0.406329,0
315320116,0.486885,0.377215,0.481148,0.4,0
315320149,0.563934,0.44557,0.563934,0.44557,0
315320183,0.477869,0.382278,0.477869,0.382278,0
315320216,0.515574,0.455696,0.496721,0.418987,0
315320249,0.506557,0.441772,0.5,0.426582,0
315320283,0.531148,0.425316,0.508197,0.426582,0
315320316,0.487705,0.403797,0.504098,0.422785,0
315320349,0.55082,0.421519,0.512295,0.422785,1
315320383,0.553279,0.396203,0.518033,0.417722,1
315320416,0.559836,0.432911,0.523771,0.420253,1
315320449,0.505738,0.332911,0.522131,0.410127,1
315320483,0.567213,0.431646,0.527049,0.412658,1
315320517,0.548361,0.475949,0.529508,0.417722,1
315320549,0.565574,0.448101,0.532787,0.421519,1
315320583,0.582787,0.434177,0.537705,0.422785,1
315320619,0.553279,0.411392,0.539344,0.421519,1
315320649,0.581148,0.429114,0.542623,0.422785,1
315320682,0.535246,0.392405,0.542623,0.420253,1
315320723,0.307377,0.350633,0.307377,0.350633,0
315320749,0.220492,0.329114,0.220492,0.329114,0
315320782,0.217213,0.313924,0.218852,0.321519,0
315320815,0.230328,0.320253,0.222951,0.321519,0
315320849,0.421311,0.297468,0.272951,0.31519,0
315320882,0.228689,0.31519,0.263934,0.31519,0
315320916,0.227049,0.329114,0.227049,0.329114,0
315320949,0.410656,0.265823,0.410656,0.265823,0
315320982,0.398361,0.3,0.404098,0.283544,0
315321015,0.216393,0.303797,0.340984,0.289873,0
315321049,0.204918,0.297468,0.306557,0.292405,0
315321182,0.222951,0.321519,0.227049,0.332911,0
315321215,0.207377,0.33038,0.220492,0.332911,0
315321249,0.236066,0.317722,0.22459,0.329114,0
315321282,0.412295,0.268354,0.262295,0.316456,0
315321315,0.221311,0.322785,0.221311,0.322785,0
315321348,0.258197,0.297468,0.258197,0.297468,0
315321382,0.246721,0.296203,0.252459,0.296203,0
315321449,0.17541,0.312658,0.232787,0.305063,0
315321482,0.418852,0.287342,0.270492,0.301266,0
315321548,0.436066,0.322785,0.436066,0.322785,0
315321582,0.232787,0.321519,0.334426,0.321519,0
315321615,0.211475,0.325316,0.292623,0.322785,0
315321648,0.212295,0.316456,0.272131,0.321519,0
315321681,0.232787,0.28481,0.263934,0.313924,0
315321715,0.22541,0.318987,0.22541,0.318987,0
315321748,0.217213,0.318987,0.217213,0.318987,0
315321781,0.208197,0.363291,0.213115,0.341772,0
315321815,0.247541,0.320253,0.22459,0.334177,0
315321848,0.256557,0.337975,0.232787,0.335443,0
315321881,0.231148,0.31519,0.231967,0.331646,0
315321915,0.257377,0.337975,0.236885,0.332911,1
315321948,0.234426,0.322785,0.236066,0.33038,1
